2.76677e-322 
2.76677e-322 
4.10074e-322 
4.10074e-322 
4.24896e-322 
4.24896e-322 
4.39718e-322 
4.39718e-322 
4.5454e-322 
4.5454e-322 
4.69362e-322 
4.69362e-322 
4.84184e-322 
4.84184e-322 
4.99006e-322 
4.99006e-322 
5.13828e-322 
5.13828e-322 
5.2865e-322 
5.2865e-322 
5.43472e-322 
5.43472e-322 
5.58294e-322 
5.58294e-322 
5.73116e-322 
5.73116e-322 
5.87938e-322 
5.87938e-322 
6.0276e-322 
6.0276e-322 
3.23786e-319 
3.23786e-319 
3.23786e-319 
3.23786e-319 
2.47033e-323 
2.47033e-323 
3.95253e-323 
3.95253e-323 
5.43472e-323 
5.43472e-323 
6.91692e-323 
6.91692e-323 
9.86688e-315 
9.86688e-315 
9.88131e-323 
9.88131e-323 
2.122e-314 
2.122e-314 
1.28457e-322 
1.28457e-322 
1.07147e-309 
1.07147e-309 
1.58101e-322 
1.58101e-322 
1.72923e-322 
1.72923e-322 
1.87745e-322 
1.87745e-322 
2.02567e-322 
2.02567e-322 
2.17389e-322 
2.17389e-322 
2.32211e-322 
2.32211e-322 
2.47033e-322 
2.47033e-322 
2.61855e-322 
2.61855e-322 
2.76677e-322 
2.76677e-322 
2.91499e-322 
2.91499e-322 
3.06321e-322 
3.06321e-322 
3.21143e-322 
3.21143e-322 
3.35965e-322 
3.35965e-322 
3.50787e-322 
3.50787e-322 
3.65609e-322 
3.65609e-322 
3.80431e-322 
3.80431e-322 
3.95253e-322 
3.95253e-322 
4.10074e-322 
4.10074e-322 
4.24896e-322 
4.24896e-322 
4.39718e-322 
4.39718e-322 
4.5454e-322 
4.5454e-322 
4.69362e-322 
4.69362e-322 
4.84184e-322 
4.84184e-322 
4.99006e-322 
4.99006e-322 
5.13828e-322 
5.13828e-322 
5.2865e-322 
5.2865e-322 
5.43472e-322 
5.43472e-322 
5.58294e-322 
5.58294e-322 
5.73116e-322 
5.73116e-322 
5.87938e-322 
5.87938e-322 
6.0276e-322 
6.0276e-322 
3.23786e-319 
3.23786e-319 
2.47033e-323 
2.47033e-323 
3.95253e-323 
3.95253e-323 
5.43472e-323 
5.43472e-323 
6.91692e-323 
6.91692e-323 
9.86688e-315 
9.86688e-315 
9.88131e-323 
9.88131e-323 
2.122e-314 
2.122e-314 
1.28457e-322 
1.28457e-322 
1.07146e-309 
1.07146e-309 
1.58101e-322 
1.58101e-322 
1.72923e-322 
1.72923e-322 
1.87745e-322 
1.87745e-322 
2.02567e-322 
2.02567e-322 
2.17389e-322 
2.17389e-322 
2.32211e-322 
2.32211e-322 
2.47033e-322 
2.47033e-322 
2.61855e-322 
2.61855e-322 
2.76677e-322 
2.76677e-322 
2.91499e-322 
2.91499e-322 
3.06321e-322 
3.06321e-322 
3.21143e-322 
3.21143e-322 
3.35965e-322 
3.35965e-322 
3.50787e-322 
3.50787e-322 
3.65609e-322 
3.65609e-322 
3.80431e-322 
3.80431e-322 
3.95253e-322 
3.95253e-322 
4.10074e-322 
4.10074e-322 
4.24896e-322 
4.24896e-322 
4.39718e-322 
4.39718e-322 
4.5454e-322 
4.5454e-322 
4.69362e-322 
4.69362e-322 
4.84184e-322 
4.84184e-322 
4.99006e-322 
4.99006e-322 
5.13828e-322 
5.13828e-322 
5.2865e-322 
5.2865e-322 
5.43472e-322 
5.43472e-322 
5.58294e-322 
5.58294e-322 
5.73116e-322 
5.73116e-322 
5.87938e-322 
5.87938e-322 
6.0276e-322 
6.0276e-322 
3.23786e-319 
3.23786e-319 
2.47033e-323 
2.47033e-323 
3.95253e-323 
3.95253e-323 
5.43472e-323 
5.43472e-323 
6.91692e-323 
6.91692e-323 
9.86688e-315 
9.86688e-315 
9.88131e-323 
9.88131e-323 
2.122e-314 
2.122e-314 
1.28457e-322 
1.28457e-322 
1.07147e-309 
1.07147e-309 
1.58101e-322 
1.58101e-322 
1.72923e-322 
1.72923e-322 
1.87745e-322 
1.87745e-322 
2.02567e-322 
2.02567e-322 
2.17389e-322 
2.17389e-322 
2.32211e-322 
2.32211e-322 
2.47033e-322 
2.47033e-322 
2.61855e-322 
2.61855e-322 
2.76677e-322 
2.76677e-322 
2.91499e-322 
2.91499e-322 
3.06321e-322 
3.06321e-322 
3.21143e-322 
3.21143e-322 
3.35965e-322 
3.35965e-322 
3.50787e-322 
3.50787e-322 
3.65609e-322 
3.65609e-322 
3.80431e-322 
3.80431e-322 
3.95253e-322 
3.95253e-322 
4.10074e-322 
4.10074e-322 
4.24896e-322 
4.24896e-322 
4.39718e-322 
4.39718e-322 
4.5454e-322 
4.5454e-322 
4.69362e-322 
4.69362e-322 
4.84184e-322 
4.84184e-322 
4.99006e-322 
4.99006e-322 
5.13828e-322 
5.13828e-322 
5.2865e-322 
5.2865e-322 
5.43472e-322 
5.43472e-322 
5.58294e-322 
5.58294e-322 
5.73116e-322 
5.73116e-322 
5.87938e-322 
5.87938e-322 
6.0276e-322 
6.0276e-322 
3.23786e-319 
3.23786e-319 
2.47033e-323 
2.47033e-323 
3.95253e-323 
3.95253e-323 
5.43472e-323 
5.43472e-323 
6.91692e-323 
6.91692e-323 
9.86688e-315 
9.86688e-315 
9.88131e-323 
9.88131e-323 
2.122e-314 
2.122e-314 
1.28457e-322 
1.28457e-322 
1.07146e-309 
1.07146e-309 
1.58101e-322 
1.58101e-322 
1.72923e-322 
1.72923e-322 
1.87745e-322 
1.87745e-322 
2.02567e-322 
2.02567e-322 
2.17389e-322 
2.17389e-322 
2.32211e-322 
2.32211e-322 
2.47033e-322 
2.47033e-322 
2.61855e-322 
2.61855e-322 
2.76677e-322 
2.76677e-322 
2.91499e-322 
2.91499e-322 
3.06321e-322 
3.06321e-322 
3.21143e-322 
3.21143e-322 
3.35965e-322 
3.35965e-322 
3.50787e-322 
3.50787e-322 
3.65609e-322 
3.65609e-322 
3.80431e-322 
3.80431e-322 
3.95253e-322 
3.95253e-322 
4.10074e-322 
4.10074e-322 
4.24896e-322 
4.24896e-322 
4.39718e-322 
4.39718e-322 
4.5454e-322 
4.5454e-322 
4.69362e-322 
4.69362e-322 
4.84184e-322 
4.84184e-322 
4.99006e-322 
4.99006e-322 
5.13828e-322 
5.13828e-322 
5.2865e-322 
5.2865e-322 
5.43472e-322 
5.43472e-322 
5.58294e-322 
5.58294e-322 
5.73116e-322 
5.73116e-322 
5.87938e-322 
5.87938e-322 
6.0276e-322 
6.0276e-322 
3.23786e-319 
3.23786e-319 
2.47033e-323 
2.47033e-323 
3.95253e-323 
3.95253e-323 
5.43472e-323 
5.43472e-323 
6.91692e-323 
6.91692e-323 
8.39912e-323 
8.39912e-323 
9.88131e-323 
9.88131e-323 
1.13635e-322 
1.13635e-322 
1.28457e-322 
1.28457e-322 
1.43279e-322 
1.43279e-322 
1.58101e-322 
1.58101e-322 
1.72923e-322 
1.72923e-322 
1.87745e-322 
1.87745e-322 
2.02567e-322 
2.02567e-322 
2.17389e-322 
2.17389e-322 
2.32211e-322 
2.32211e-322 
2.47033e-322 
2.47033e-322 
2.61855e-322 
2.61855e-322 
2.76677e-322 
2.76677e-322 
2.91499e-322 
2.91499e-322 
3.06321e-322 
3.06321e-322 
3.21143e-322 
3.21143e-322 
3.35965e-322 
3.35965e-322 
3.50787e-322 
3.50787e-322 
3.65609e-322 
3.65609e-322 
3.80431e-322 
3.80431e-322 
3.95253e-322 
3.95253e-322 
4.10074e-322 
4.10074e-322 
4.24896e-322 
4.24896e-322 
4.39718e-322 
4.39718e-322 
4.5454e-322 
4.5454e-322 
4.69362e-322 
4.69362e-322 
4.84184e-322 
4.84184e-322 
4.99006e-322 
4.99006e-322 
5.13828e-322 
5.13828e-322 
5.2865e-322 
5.2865e-322 
5.43472e-322 
5.43472e-322 
5.58294e-322 
5.58294e-322 
5.73116e-322 
5.73116e-322 
5.87938e-322 
5.87938e-322 
6.0276e-322 
6.0276e-322 
3.23786e-319 
3.23786e-319 
2.47033e-323 
2.47033e-323 
3.95253e-323 
3.95253e-323 
5.43472e-323 
5.43472e-323 
6.91692e-323 
6.91692e-323 
8.39912e-323 
8.39912e-323 
9.88131e-323 
9.88131e-323 
1.13635e-322 
1.13635e-322 
1.28457e-322 
1.28457e-322 
1.43279e-322 
1.43279e-322 
1.58101e-322 
1.58101e-322 
1.72923e-322 
1.72923e-322 
1.87745e-322 
1.87745e-322 
2.02567e-322 
2.02567e-322 
2.17389e-322 
2.17389e-322 
2.32211e-322 
2.32211e-322 
2.47033e-322 
2.47033e-322 
2.61855e-322 
2.61855e-322 
2.76677e-322 
2.76677e-322 
2.91499e-322 
2.91499e-322 
3.06321e-322 
3.06321e-322 
3.21143e-322 
3.21143e-322 
3.35965e-322 
3.35965e-322 
3.50787e-322 
3.50787e-322 
3.65609e-322 
3.65609e-322 
3.80431e-322 
3.80431e-322 
3.95253e-322 
3.95253e-322 
4.10074e-322 
4.10074e-322 
4.24896e-322 
4.24896e-322 
4.39718e-322 
4.39718e-322 
4.5454e-322 
4.5454e-322 
4.69362e-322 
4.69362e-322 
4.84184e-322 
4.84184e-322 
4.99006e-322 
4.99006e-322 
5.13828e-322 
5.13828e-322 
5.2865e-322 
5.2865e-322 
5.43472e-322 
5.43472e-322 
5.58294e-322 
5.58294e-322 
5.73116e-322 
5.73116e-322 
5.87938e-322 
5.87938e-322 
6.0276e-322 
6.0276e-322 
3.23786e-319 
3.23786e-319 
2.47033e-323 
2.47033e-323 
3.95253e-323 
3.95253e-323 
5.43472e-323 
5.43472e-323 
6.91692e-323 
6.91692e-323 
8.39912e-323 
8.39912e-323 
9.88131e-323 
9.88131e-323 
1.13635e-322 
1.13635e-322 
1.28457e-322 
1.28457e-322 
1.43279e-322 
1.43279e-322 
1.58101e-322 
1.58101e-322 
1.72923e-322 
1.72923e-322 
1.87745e-322 
1.87745e-322 
2.02567e-322 
2.02567e-322 
2.17389e-322 
2.17389e-322 
2.32211e-322 
2.32211e-322 
2.47033e-322 
2.47033e-322 
2.61855e-322 
2.61855e-322 
2.76677e-322 
2.76677e-322 
2.91499e-322 
2.91499e-322 
3.06321e-322 
3.06321e-322 
3.21143e-322 
3.21143e-322 
3.35965e-322 
3.35965e-322 
3.50787e-322 
3.50787e-322 
3.65609e-322 
3.65609e-322 
3.80431e-322 
3.80431e-322 
3.95253e-322 
3.95253e-322 
4.10074e-322 
4.10074e-322 
4.24896e-322 
4.24896e-322 
4.39718e-322 
4.39718e-322 
4.5454e-322 
4.5454e-322 
4.69362e-322 
4.69362e-322 
4.84184e-322 
4.84184e-322 
4.99006e-322 
4.99006e-322 
5.13828e-322 
5.13828e-322 
5.2865e-322 
5.2865e-322 
5.43472e-322 
5.43472e-322 
5.58294e-322 
5.58294e-322 
5.73116e-322 
5.73116e-322 
5.87938e-322 
5.87938e-322 
6.0276e-322 
6.0276e-322 
3.23786e-319 
3.23786e-319 
2.47033e-323 
2.47033e-323 
3.95253e-323 
3.95253e-323 
5.43472e-323 
5.43472e-323 
6.91692e-323 
6.91692e-323 
8.39912e-323 
8.39912e-323 
9.88131e-323 
9.88131e-323 
1.13635e-322 
1.13635e-322 
1.28457e-322 
1.28457e-322 
1.43279e-322 
1.43279e-322 
1.58101e-322 
1.58101e-322 
1.72923e-322 
1.72923e-322 
1.87745e-322 
1.87745e-322 
2.02567e-322 
2.02567e-322 
2.17389e-322 
2.17389e-322 
2.32211e-322 
2.32211e-322 
2.47033e-322 
2.47033e-322 
2.61855e-322 
2.61855e-322 
2.76677e-322 
2.76677e-322 
2.91499e-322 
2.91499e-322 
3.06321e-322 
3.06321e-322 
3.21143e-322 
3.21143e-322 
3.35965e-322 
3.35965e-322 
3.50787e-322 
3.50787e-322 
3.65609e-322 
3.65609e-322 
3.80431e-322 
3.80431e-322 
3.95253e-322 
3.95253e-322 
4.10074e-322 
4.10074e-322 
4.24896e-322 
4.24896e-322 
4.39718e-322 
4.39718e-322 
4.5454e-322 
4.5454e-322 
4.69362e-322 
4.69362e-322 
4.84184e-322 
4.84184e-322 
4.99006e-322 
4.99006e-322 
5.13828e-322 
5.13828e-322 
5.2865e-322 
5.2865e-322 
5.43472e-322 
5.43472e-322 
5.58294e-322 
5.58294e-322 
5.73116e-322 
5.73116e-322 
5.87938e-322 
5.87938e-322 
6.0276e-322 
6.0276e-322 
3.23786e-319 
3.23786e-319 
2.47033e-323 
2.47033e-323 
3.95253e-323 
3.95253e-323 
5.43472e-323 
5.43472e-323 
6.91692e-323 
6.91692e-323 
8.39912e-323 
8.39912e-323 
9.88131e-323 
9.88131e-323 
1.13635e-322 
1.13635e-322 
1.28457e-322 
1.28457e-322 
1.43279e-322 
1.43279e-322 
1.58101e-322 
1.58101e-322 
1.72923e-322 
1.72923e-322 
1.87745e-322 
1.87745e-322 
2.02567e-322 
2.02567e-322 
2.17389e-322 
2.17389e-322 
2.32211e-322 
2.32211e-322 
2.47033e-322 
2.47033e-322 
2.61855e-322 
2.61855e-322 
2.76677e-322 
2.76677e-322 
2.91499e-322 
2.91499e-322 
3.06321e-322 
3.06321e-322 
3.21143e-322 
3.21143e-322 
3.35965e-322 
3.35965e-322 
3.50787e-322 
3.50787e-322 
3.65609e-322 
3.65609e-322 
3.80431e-322 
3.80431e-322 
3.95253e-322 
3.95253e-322 
4.10074e-322 
4.10074e-322 
4.24896e-322 
4.24896e-322 
4.39718e-322 
4.39718e-322 
4.5454e-322 
4.5454e-322 
4.69362e-322 
4.69362e-322 
4.84184e-322 
4.84184e-322 
4.99006e-322 
4.99006e-322 
5.13828e-322 
5.13828e-322 
5.2865e-322 
5.2865e-322 
5.43472e-322 
5.43472e-322 
5.58294e-322 
5.58294e-322 
5.73116e-322 
5.73116e-322 
5.87938e-322 
5.87938e-322 
6.0276e-322 
6.0276e-322 
3.23786e-319 
3.23786e-319 
2.47033e-323 
2.47033e-323 
3.95253e-323 
3.95253e-323 
5.43472e-323 
5.43472e-323 
6.91692e-323 
6.91692e-323 
8.39912e-323 
8.39912e-323 
9.88131e-323 
9.88131e-323 
1.13635e-322 
1.13635e-322 
1.28457e-322 
1.28457e-322 
1.43279e-322 
1.43279e-322 
1.58101e-322 
1.58101e-322 
1.72923e-322 
1.72923e-322 
1.87745e-322 
1.87745e-322 
2.02567e-322 
2.02567e-322 
2.17389e-322 
2.17389e-322 
2.32211e-322 
2.32211e-322 
2.47033e-322 
2.47033e-322 
2.61855e-322 
2.61855e-322 
2.76677e-322 
2.76677e-322 
2.91499e-322 
2.91499e-322 
3.06321e-322 
3.06321e-322 
3.21143e-322 
3.21143e-322 
3.35965e-322 
3.35965e-322 
3.50787e-322 
3.50787e-322 
3.65609e-322 
3.65609e-322 
3.80431e-322 
3.80431e-322 
3.95253e-322 
3.95253e-322 
4.10074e-322 
4.10074e-322 
4.24896e-322 
4.24896e-322 
4.39718e-322 
4.39718e-322 
4.5454e-322 
4.5454e-322 
4.69362e-322 
4.69362e-322 
4.84184e-322 
4.84184e-322 
4.99006e-322 
4.99006e-322 
5.13828e-322 
5.13828e-322 
5.2865e-322 
5.2865e-322 
5.43472e-322 
5.43472e-322 
5.58294e-322 
5.58294e-322 
5.73116e-322 
5.73116e-322 
5.87938e-322 
5.87938e-322 
6.0276e-322 
6.0276e-322 
3.23786e-319 
3.23786e-319 
2.47033e-323 
2.47033e-323 
3.95253e-323 
3.95253e-323 
5.43472e-323 
5.43472e-323 
6.91692e-323 
6.91692e-323 
8.39912e-323 
8.39912e-323 
9.88131e-323 
9.88131e-323 
1.13635e-322 
1.13635e-322 
1.28457e-322 
1.28457e-322 
1.43279e-322 
1.43279e-322 
1.58101e-322 
1.58101e-322 
1.72923e-322 
1.72923e-322 
1.87745e-322 
1.87745e-322 
2.02567e-322 
2.02567e-322 
2.17389e-322 
2.17389e-322 
2.32211e-322 
2.32211e-322 
2.47033e-322 
2.47033e-322 
2.61855e-322 
2.61855e-322 
2.76677e-322 
2.76677e-322 
2.91499e-322 
2.91499e-322 
3.06321e-322 
3.06321e-322 
3.21143e-322 
3.21143e-322 
3.35965e-322 
3.35965e-322 
3.50787e-322 
3.50787e-322 
3.65609e-322 
3.65609e-322 
3.80431e-322 
3.80431e-322 
3.95253e-322 
3.95253e-322 
4.10074e-322 
4.10074e-322 
4.24896e-322 
4.24896e-322 
4.39718e-322 
4.39718e-322 
4.5454e-322 
4.5454e-322 
4.69362e-322 
4.69362e-322 
4.84184e-322 
4.84184e-322 
4.99006e-322 
4.99006e-322 
5.13828e-322 
5.13828e-322 
5.2865e-322 
5.2865e-322 
5.43472e-322 
5.43472e-322 
5.58294e-322 
5.58294e-322 
5.73116e-322 
5.73116e-322 
5.87938e-322 
5.87938e-322 
6.0276e-322 
6.0276e-322 
3.23786e-319 
3.23786e-319 
2.47033e-323 
2.47033e-323 
3.95253e-323 
3.95253e-323 
5.43472e-323 
5.43472e-323 
6.91692e-323 
6.91692e-323 
8.39912e-323 
8.39912e-323 
9.88131e-323 
9.88131e-323 
1.13635e-322 
1.13635e-322 
1.28457e-322 
1.28457e-322 
1.43279e-322 
1.43279e-322 
1.58101e-322 
1.58101e-322 
1.72923e-322 
1.72923e-322 
1.87745e-322 
1.87745e-322 
2.02567e-322 
2.02567e-322 
2.17389e-322 
2.17389e-322 
2.32211e-322 
2.32211e-322 
2.47033e-322 
2.47033e-322 
2.61855e-322 
2.61855e-322 
2.76677e-322 
2.76677e-322 
2.91499e-322 
2.91499e-322 
3.06321e-322 
3.06321e-322 
3.21143e-322 
3.21143e-322 
3.35965e-322 
3.35965e-322 
3.50787e-322 
3.50787e-322 
3.65609e-322 
3.65609e-322 
3.80431e-322 
3.80431e-322 
3.95253e-322 
3.95253e-322 
4.10074e-322 
4.10074e-322 
4.24896e-322 
4.24896e-322 
4.39718e-322 
4.39718e-322 
4.5454e-322 
4.5454e-322 
4.69362e-322 
4.69362e-322 
4.84184e-322 
4.84184e-322 
4.99006e-322 
4.99006e-322 
5.13828e-322 
5.13828e-322 
5.2865e-322 
5.2865e-322 
5.43472e-322 
5.43472e-322 
5.58294e-322 
5.58294e-322 
5.73116e-322 
5.73116e-322 
5.87938e-322 
5.87938e-322 
6.0276e-322 
6.0276e-322 
3.23786e-319 
3.23786e-319 
2.47033e-323 
2.47033e-323 
3.95253e-323 
3.95253e-323 
5.43472e-323 
5.43472e-323 
6.91692e-323 
6.91692e-323 
8.39912e-323 
8.39912e-323 
9.88131e-323 
9.88131e-323 
1.13635e-322 
1.13635e-322 
1.28457e-322 
1.28457e-322 
1.43279e-322 
1.43279e-322 
1.58101e-322 
1.58101e-322 
1.72923e-322 
1.72923e-322 
1.87745e-322 
1.87745e-322 
2.02567e-322 
2.02567e-322 
2.17389e-322 
2.17389e-322 
2.32211e-322 
2.32211e-322 
2.47033e-322 
2.47033e-322 
2.61855e-322 
2.61855e-322 
2.76677e-322 
2.76677e-322 
2.91499e-322 
2.91499e-322 
3.06321e-322 
3.06321e-322 
3.21143e-322 
3.21143e-322 
3.35965e-322 
3.35965e-322 
3.50787e-322 
3.50787e-322 
3.65609e-322 
3.65609e-322 
3.80431e-322 
3.80431e-322 
3.95253e-322 
3.95253e-322 
4.10074e-322 
4.10074e-322 
4.24896e-322 
4.24896e-322 
4.39718e-322 
4.39718e-322 
4.5454e-322 
4.5454e-322 
4.69362e-322 
4.69362e-322 
4.84184e-322 
4.84184e-322 
4.99006e-322 
4.99006e-322 
5.13828e-322 
5.13828e-322 
5.2865e-322 
5.2865e-322 
5.43472e-322 
5.43472e-322 
5.58294e-322 
5.58294e-322 
5.73116e-322 
5.73116e-322 
5.87938e-322 
5.87938e-322 
6.0276e-322 
6.0276e-322 
3.23786e-319 
3.23786e-319 
2.47033e-323 
2.47033e-323 
3.95253e-323 
3.95253e-323 
5.43472e-323 
5.43472e-323 
6.91692e-323 
6.91692e-323 
8.39912e-323 
8.39912e-323 
9.88131e-323 
9.88131e-323 
1.13635e-322 
1.13635e-322 
1.28457e-322 
1.28457e-322 
1.43279e-322 
1.43279e-322 
1.58101e-322 
1.58101e-322 
1.72923e-322 
1.72923e-322 
1.87745e-322 
1.87745e-322 
2.02567e-322 
2.02567e-322 
2.17389e-322 
2.17389e-322 
2.32211e-322 
2.32211e-322 
2.47033e-322 
2.47033e-322 
2.61855e-322 
2.61855e-322 
2.76677e-322 
2.76677e-322 
2.91499e-322 
2.91499e-322 
3.06321e-322 
3.06321e-322 
3.21143e-322 
3.21143e-322 
3.35965e-322 
3.35965e-322 
3.50787e-322 
3.50787e-322 
3.65609e-322 
3.65609e-322 
3.80431e-322 
3.80431e-322 
3.95253e-322 
3.95253e-322 
4.10074e-322 
4.10074e-322 
4.24896e-322 
4.24896e-322 
4.39718e-322 
4.39718e-322 
4.5454e-322 
4.5454e-322 
4.69362e-322 
4.69362e-322 
4.84184e-322 
4.84184e-322 
4.99006e-322 
4.99006e-322 
5.13828e-322 
5.13828e-322 
5.2865e-322 
5.2865e-322 
5.43472e-322 
5.43472e-322 
5.58294e-322 
5.58294e-322 
5.73116e-322 
5.73116e-322 
5.87938e-322 
5.87938e-322 
6.0276e-322 
6.0276e-322 
3.23786e-319 
3.23786e-319 
2.47033e-323 
2.47033e-323 
3.95253e-323 
3.95253e-323 
5.43472e-323 
5.43472e-323 
6.91692e-323 
6.91692e-323 
8.39912e-323 
8.39912e-323 
9.88131e-323 
9.88131e-323 
1.13635e-322 
1.13635e-322 
1.28457e-322 
1.28457e-322 
1.43279e-322 
1.43279e-322 
1.58101e-322 
1.58101e-322 
1.72923e-322 
1.72923e-322 
1.87745e-322 
1.87745e-322 
2.02567e-322 
2.02567e-322 
2.17389e-322 
2.17389e-322 
2.32211e-322 
2.32211e-322 
2.47033e-322 
2.47033e-322 
2.61855e-322 
2.61855e-322 
2.76677e-322 
2.76677e-322 
2.91499e-322 
2.91499e-322 
3.06321e-322 
3.06321e-322 
3.21143e-322 
3.21143e-322 
3.35965e-322 
3.35965e-322 
3.50787e-322 
3.50787e-322 
3.65609e-322 
3.65609e-322 
3.80431e-322 
3.80431e-322 
3.95253e-322 
3.95253e-322 
4.10074e-322 
4.10074e-322 
4.24896e-322 
4.24896e-322 
4.39718e-322 
4.39718e-322 
4.5454e-322 
4.5454e-322 
4.69362e-322 
4.69362e-322 
4.84184e-322 
4.84184e-322 
4.99006e-322 
4.99006e-322 
5.13828e-322 
5.13828e-322 
5.2865e-322 
5.2865e-322 
5.43472e-322 
5.43472e-322 
5.58294e-322 
5.58294e-322 
5.73116e-322 
5.73116e-322 
5.87938e-322 
5.87938e-322 
6.0276e-322 
6.0276e-322 
3.23786e-319 
3.23786e-319 
2.47033e-323 
2.47033e-323 
3.95253e-323 
3.95253e-323 
5.43472e-323 
5.43472e-323 
6.91692e-323 
6.91692e-323 
8.39912e-323 
8.39912e-323 
9.88131e-323 
9.88131e-323 
1.13635e-322 
1.13635e-322 
1.28457e-322 
1.28457e-322 
1.43279e-322 
1.43279e-322 
1.58101e-322 
1.58101e-322 
1.72923e-322 
1.72923e-322 
1.87745e-322 
1.87745e-322 
2.02567e-322 
2.02567e-322 
2.17389e-322 
2.17389e-322 
2.32211e-322 
2.32211e-322 
2.47033e-322 
2.47033e-322 
2.61855e-322 
2.61855e-322 
2.76677e-322 
2.76677e-322 
2.91499e-322 
2.91499e-322 
3.06321e-322 
3.06321e-322 
3.21143e-322 
3.21143e-322 
3.35965e-322 
3.35965e-322 
3.50787e-322 
3.50787e-322 
3.65609e-322 
3.65609e-322 
3.80431e-322 
3.80431e-322 
3.95253e-322 
3.95253e-322 
4.10074e-322 
4.10074e-322 
4.24896e-322 
4.24896e-322 
4.39718e-322 
4.39718e-322 
4.5454e-322 
4.5454e-322 
4.69362e-322 
4.69362e-322 
4.84184e-322 
4.84184e-322 
4.99006e-322 
4.99006e-322 
5.13828e-322 
5.13828e-322 
5.2865e-322 
5.2865e-322 
5.43472e-322 
5.43472e-322 
5.58294e-322 
5.58294e-322 
5.73116e-322 
5.73116e-322 
5.87938e-322 
5.87938e-322 
6.0276e-322 
6.0276e-322 
6.17582e-322 
6.17582e-322 
6.32404e-322 
6.32404e-322 
6.47226e-322 
6.47226e-322 
6.62048e-322 
6.62048e-322 
6.7687e-322 
6.7687e-322 
6.91692e-322 
6.91692e-322 
7.06514e-322 
7.06514e-322 
7.21336e-322 
7.21336e-322 
7.36158e-322 
7.36158e-322 
7.5098e-322 
7.5098e-322 
7.65802e-322 
7.65802e-322 
7.80624e-322 
7.80624e-322 
7.95446e-322 
7.95446e-322 
8.10268e-322 
8.10268e-322 
8.2509e-322 
8.2509e-322 
8.39912e-322 
8.39912e-322 
8.54734e-322 
8.54734e-322 
8.69556e-322 
8.69556e-322 
8.84378e-322 
8.84378e-322 
8.99199e-322 
8.99199e-322 
9.14021e-322 
9.14021e-322 
9.28843e-322 
9.28843e-322 
9.43665e-322 
9.43665e-322 
9.58487e-322 
9.58487e-322 
9.73309e-322 
9.73309e-322 
9.88131e-322 
9.88131e-322 
1.00295e-321 
1.00295e-321 
1.01778e-321 
1.01778e-321 
1.0326e-321 
1.0326e-321 
1.04742e-321 
1.04742e-321 
1.06224e-321 
1.06224e-321 
1.07706e-321 
1.07706e-321 
1.09189e-321 
1.09189e-321 
1.10671e-321 
1.10671e-321 
1.12153e-321 
1.12153e-321 
1.13635e-321 
1.13635e-321 
1.15117e-321 
1.15117e-321 
1.16599e-321 
1.16599e-321 
1.18082e-321 
1.18082e-321 
1.19564e-321 
1.19564e-321 
1.21046e-321 
1.21046e-321 
1.22528e-321 
1.22528e-321 
1.2401e-321 
1.2401e-321 
3.23786e-319 
3.23786e-319 
2.47033e-323 
2.47033e-323 
3.95253e-323 
3.95253e-323 
5.43472e-323 
5.43472e-323 
6.91692e-323 
6.91692e-323 
8.39912e-323 
8.39912e-323 
9.88131e-323 
9.88131e-323 
1.13635e-322 
1.13635e-322 
1.28457e-322 
1.28457e-322 
1.43279e-322 
1.43279e-322 
1.58101e-322 
1.58101e-322 
1.72923e-322 
1.72923e-322 
1.87745e-322 
1.87745e-322 
2.02567e-322 
2.02567e-322 
2.17389e-322 
2.17389e-322 
2.32211e-322 
2.32211e-322 
2.47033e-322 
2.47033e-322 
2.61855e-322 
2.61855e-322 
2.76677e-322 
2.76677e-322 
2.91499e-322 
2.91499e-322 
3.06321e-322 
3.06321e-322 
3.21143e-322 
3.21143e-322 
3.35965e-322 
3.35965e-322 
3.50787e-322 
3.50787e-322 
3.65609e-322 
3.65609e-322 
3.80431e-322 
3.80431e-322 
3.95253e-322 
3.95253e-322 
4.10074e-322 
4.10074e-322 
4.24896e-322 
4.24896e-322 
4.39718e-322 
4.39718e-322 
4.5454e-322 
4.5454e-322 
4.69362e-322 
4.69362e-322 
4.84184e-322 
4.84184e-322 
4.99006e-322 
4.99006e-322 
5.13828e-322 
5.13828e-322 
5.2865e-322 
5.2865e-322 
5.43472e-322 
5.43472e-322 
5.58294e-322 
5.58294e-322 
5.73116e-322 
5.73116e-322 
5.87938e-322 
5.87938e-322 
6.0276e-322 
6.0276e-322 
6.17582e-322 
6.17582e-322 
6.32404e-322 
6.32404e-322 
6.47226e-322 
6.47226e-322 
6.62048e-322 
6.62048e-322 
6.7687e-322 
6.7687e-322 
6.91692e-322 
6.91692e-322 
7.06514e-322 
7.06514e-322 
7.21336e-322 
7.21336e-322 
7.36158e-322 
7.36158e-322 
7.5098e-322 
7.5098e-322 
7.65802e-322 
7.65802e-322 
7.80624e-322 
7.80624e-322 
7.95446e-322 
7.95446e-322 
8.10268e-322 
8.10268e-322 
8.2509e-322 
8.2509e-322 
8.39912e-322 
8.39912e-322 
8.54734e-322 
8.54734e-322 
8.69556e-322 
8.69556e-322 
8.84378e-322 
8.84378e-322 
8.99199e-322 
8.99199e-322 
9.14021e-322 
9.14021e-322 
9.28843e-322 
9.28843e-322 
9.43665e-322 
9.43665e-322 
9.58487e-322 
9.58487e-322 
9.73309e-322 
9.73309e-322 
9.88131e-322 
9.88131e-322 
1.00295e-321 
1.00295e-321 
1.01778e-321 
1.01778e-321 
1.0326e-321 
1.0326e-321 
1.04742e-321 
1.04742e-321 
1.06224e-321 
1.06224e-321 
1.07706e-321 
1.07706e-321 
1.09189e-321 
1.09189e-321 
1.10671e-321 
1.10671e-321 
1.12153e-321 
1.12153e-321 
1.13635e-321 
1.13635e-321 
1.15117e-321 
1.15117e-321 
1.16599e-321 
1.16599e-321 
1.18082e-321 
1.18082e-321 
1.19564e-321 
1.19564e-321 
1.21046e-321 
1.21046e-321 
1.22528e-321 
1.22528e-321 
1.2401e-321 
1.2401e-321 
3.23786e-319 
3.23786e-319 
2.47033e-323 
2.47033e-323 
3.95253e-323 
3.95253e-323 
5.43472e-323 
5.43472e-323 
6.91692e-323 
6.91692e-323 
8.39912e-323 
8.39912e-323 
9.88131e-323 
9.88131e-323 
1.13635e-322 
1.13635e-322 
1.28457e-322 
1.28457e-322 
1.43279e-322 
1.43279e-322 
1.58101e-322 
1.58101e-322 
1.72923e-322 
1.72923e-322 
1.87745e-322 
1.87745e-322 
2.02567e-322 
2.02567e-322 
2.17389e-322 
2.17389e-322 
2.32211e-322 
2.32211e-322 
2.47033e-322 
2.47033e-322 
2.61855e-322 
2.61855e-322 
2.76677e-322 
2.76677e-322 
2.91499e-322 
2.91499e-322 
3.06321e-322 
3.06321e-322 
3.21143e-322 
3.21143e-322 
3.35965e-322 
3.35965e-322 
3.50787e-322 
3.50787e-322 
3.65609e-322 
3.65609e-322 
3.80431e-322 
3.80431e-322 
3.95253e-322 
3.95253e-322 
4.10074e-322 
4.10074e-322 
4.24896e-322 
4.24896e-322 
4.39718e-322 
4.39718e-322 
4.5454e-322 
4.5454e-322 
4.69362e-322 
4.69362e-322 
4.84184e-322 
4.84184e-322 
4.99006e-322 
4.99006e-322 
5.13828e-322 
5.13828e-322 
5.2865e-322 
5.2865e-322 
5.43472e-322 
5.43472e-322 
5.58294e-322 
5.58294e-322 
5.73116e-322 
5.73116e-322 
5.87938e-322 
5.87938e-322 
6.0276e-322 
6.0276e-322 
6.17582e-322 
6.17582e-322 
6.32404e-322 
6.32404e-322 
6.47226e-322 
6.47226e-322 
6.62048e-322 
6.62048e-322 
6.7687e-322 
6.7687e-322 
6.91692e-322 
6.91692e-322 
7.06514e-322 
7.06514e-322 
7.21336e-322 
7.21336e-322 
7.36158e-322 
7.36158e-322 
7.5098e-322 
7.5098e-322 
7.65802e-322 
7.65802e-322 
7.80624e-322 
7.80624e-322 
7.95446e-322 
7.95446e-322 
8.10268e-322 
8.10268e-322 
8.2509e-322 
8.2509e-322 
8.39912e-322 
8.39912e-322 
8.54734e-322 
8.54734e-322 
8.69556e-322 
8.69556e-322 
8.84378e-322 
8.84378e-322 
8.99199e-322 
8.99199e-322 
9.14021e-322 
9.14021e-322 
9.28843e-322 
9.28843e-322 
9.43665e-322 
9.43665e-322 
9.58487e-322 
9.58487e-322 
9.73309e-322 
9.73309e-322 
9.88131e-322 
9.88131e-322 
1.00295e-321 
1.00295e-321 
1.01778e-321 
1.01778e-321 
1.0326e-321 
1.0326e-321 
1.04742e-321 
1.04742e-321 
1.06224e-321 
1.06224e-321 
1.07706e-321 
1.07706e-321 
1.09189e-321 
1.09189e-321 
1.10671e-321 
1.10671e-321 
1.12153e-321 
1.12153e-321 
1.13635e-321 
1.13635e-321 
1.15117e-321 
1.15117e-321 
1.16599e-321 
1.16599e-321 
1.18082e-321 
1.18082e-321 
1.19564e-321 
1.19564e-321 
1.21046e-321 
1.21046e-321 
1.22528e-321 
1.22528e-321 
1.2401e-321 
1.2401e-321 
3.23786e-319 
3.23786e-319 
2.47033e-323 
2.47033e-323 
3.95253e-323 
3.95253e-323 
5.43472e-323 
5.43472e-323 
6.91692e-323 
6.91692e-323 
8.39912e-323 
8.39912e-323 
9.88131e-323 
9.88131e-323 
1.13635e-322 
1.13635e-322 
1.28457e-322 
1.28457e-322 
1.43279e-322 
1.43279e-322 
1.58101e-322 
1.58101e-322 
1.72923e-322 
1.72923e-322 
1.87745e-322 
1.87745e-322 
2.02567e-322 
2.02567e-322 
2.17389e-322 
2.17389e-322 
2.32211e-322 
2.32211e-322 
2.47033e-322 
2.47033e-322 
2.61855e-322 
2.61855e-322 
2.76677e-322 
2.76677e-322 
2.91499e-322 
2.91499e-322 
3.06321e-322 
3.06321e-322 
3.21143e-322 
3.21143e-322 
3.35965e-322 
3.35965e-322 
3.50787e-322 
3.50787e-322 
3.65609e-322 
3.65609e-322 
3.80431e-322 
3.80431e-322 
3.95253e-322 
3.95253e-322 
4.10074e-322 
4.10074e-322 
4.24896e-322 
4.24896e-322 
4.39718e-322 
4.39718e-322 
4.5454e-322 
4.5454e-322 
4.69362e-322 
4.69362e-322 
4.84184e-322 
4.84184e-322 
4.99006e-322 
4.99006e-322 
5.13828e-322 
5.13828e-322 
5.2865e-322 
5.2865e-322 
5.43472e-322 
5.43472e-322 
5.58294e-322 
5.58294e-322 
5.73116e-322 
5.73116e-322 
5.87938e-322 
5.87938e-322 
6.0276e-322 
6.0276e-322 
6.17582e-322 
6.17582e-322 
6.32404e-322 
6.32404e-322 
6.47226e-322 
6.47226e-322 
6.62048e-322 
6.62048e-322 
6.7687e-322 
6.7687e-322 
6.91692e-322 
6.91692e-322 
7.06514e-322 
7.06514e-322 
7.21336e-322 
7.21336e-322 
7.36158e-322 
7.36158e-322 
7.5098e-322 
7.5098e-322 
7.65802e-322 
7.65802e-322 
7.80624e-322 
7.80624e-322 
7.95446e-322 
7.95446e-322 
8.10268e-322 
8.10268e-322 
8.2509e-322 
8.2509e-322 
8.39912e-322 
8.39912e-322 
8.54734e-322 
8.54734e-322 
8.69556e-322 
8.69556e-322 
8.84378e-322 
8.84378e-322 
8.99199e-322 
8.99199e-322 
9.14021e-322 
9.14021e-322 
9.28843e-322 
9.28843e-322 
9.43665e-322 
9.43665e-322 
9.58487e-322 
9.58487e-322 
9.73309e-322 
9.73309e-322 
9.88131e-322 
9.88131e-322 
1.00295e-321 
1.00295e-321 
1.01778e-321 
1.01778e-321 
1.0326e-321 
1.0326e-321 
1.04742e-321 
1.04742e-321 
1.06224e-321 
1.06224e-321 
1.07706e-321 
1.07706e-321 
1.09189e-321 
1.09189e-321 
1.10671e-321 
1.10671e-321 
1.12153e-321 
1.12153e-321 
1.13635e-321 
1.13635e-321 
1.15117e-321 
1.15117e-321 
1.16599e-321 
1.16599e-321 
1.18082e-321 
1.18082e-321 
1.19564e-321 
1.19564e-321 
1.21046e-321 
1.21046e-321 
1.22528e-321 
1.22528e-321 
1.2401e-321 
1.2401e-321 
3.23786e-319 
3.23786e-319 
2.47033e-323 
2.47033e-323 
3.95253e-323 
3.95253e-323 
5.43472e-323 
5.43472e-323 
6.91692e-323 
6.91692e-323 
8.39912e-323 
8.39912e-323 
9.88131e-323 
9.88131e-323 
1.13635e-322 
1.13635e-322 
1.28457e-322 
1.28457e-322 
1.43279e-322 
1.43279e-322 
1.58101e-322 
1.58101e-322 
1.72923e-322 
1.72923e-322 
1.87745e-322 
1.87745e-322 
2.02567e-322 
2.02567e-322 
2.17389e-322 
2.17389e-322 
2.32211e-322 
2.32211e-322 
2.47033e-322 
2.47033e-322 
2.61855e-322 
2.61855e-322 
2.76677e-322 
2.76677e-322 
2.91499e-322 
2.91499e-322 
3.06321e-322 
3.06321e-322 
3.21143e-322 
3.21143e-322 
3.35965e-322 
3.35965e-322 
3.50787e-322 
3.50787e-322 
3.65609e-322 
3.65609e-322 
3.80431e-322 
3.80431e-322 
3.95253e-322 
3.95253e-322 
4.10074e-322 
4.10074e-322 
4.24896e-322 
4.24896e-322 
4.39718e-322 
4.39718e-322 
4.5454e-322 
4.5454e-322 
4.69362e-322 
4.69362e-322 
4.84184e-322 
4.84184e-322 
